J1ab: 1
J1c: 1
J2ab: 0.0589431
J2c: 0.0589431
Ka: 0
Kc: -0.0182927
D1: 0
D2: 0
xii: 0.0101626
e1: 0.813008
e2: 0
h: 0
dir_name: TFO_4_0_xii=0.05
num_trials: 1
T_start: 0
T_end: 100
T_step_size: 0.002
spin_config_file: 
